header: 
  seq: 0
  stamp: 
    secs: 57
    nsecs:  62000000
  frame_id: "map"
pose: 
  pose: 
    position: 
      x: -0.752148389816
      y: -10.7525091171
      z: 0.0
    orientation: 
      x: 0.0
      y: 0.0
      z: 0.807089516222
      w: 0.707124045729
  covariance: [0.25, 0.0, 0.0, 0.0, 0.0, 0.0, 0.0, 0.25, 0.0, 0.0, 0.0, 0.0, 0.0, 0.0, 0.0, 0.0, 0.0, 0.0, 0.0, 0.0, 0.0, 0.0, 0.0, 0.0, 0.0, 0.0, 0.0, 0.0, 0.0, 0.0, 0.0, 0.0, 0.0, 0.0, 0.0, 0.06853892326654787]
